0 0 0 0 0 0 0 0 0 0 0 0 0 0 0 0 0 0 0 0 0 0 0 0 0 0 0 0 0 0 0 0 0 0 0 0 0 0 0 0 0 0 0 0 0 0 0 0 0 0 0 0 0 0 0 0 0 0 0 0 0 0 0 0 0 0 0 0 0 0 0 0 0 0 0 0 0 0 0 0 0 0 0 0 0 0 0 0 0 0 0 0 0 0 0 0 0 0 0 0 0 
0 -0.000190035 -0.000379321 -0.00056711 -0.000752663 -0.000935246 -0.00111414 -0.00128864 -0.00145805 -0.00162171 -0.00177898 -0.00192922 -0.00207185 -0.00220631 -0.00233206 -0.00244861 -0.0025555 -0.0026523 -0.00273864 -0.00281418 -0.00287861 -0.00293168 -0.00297319 -0.00300296 -0.00302088 -0.00302689 -0.00302095 -0.0030031 -0.00297339 -0.00293195 -0.00287894 -0.00281458 -0.00273911 -0.00265283 -0.00255609 -0.00244926 -0.00233277 -0.00220707 -0.00207267 -0.00193009 -0.0017799 -0.00162268 -0.00145907 -0.0012897 -0.00111524 -0.000936382 -0.000753833 -0.000568313 -0.000380553 -0.000191294 -1.28315e-06 0.00018873 0.000377994 0.000565764 0.000751298 0.000933864 0.00111274 0.00128722 0.00145662 0.00162027 0.00177752 0.00192775 0.00207037 0.00220482 0.00233057 0.00244711 0.00255399 0.00265079 0.00273712 0.00281265 0.00287708 0.00293015 0.00297165 0.00300142 0.00301935 0.00302535 0.00301941 0.00300156 0.00297185 0.00293042 0.00287742 0.00281305 0.00273759 0.00265132 0.00255458 0.00244776 0.00233127 0.00220559 0.00207119 0.00192863 0.00177844 0.00162124 0.00145764 0.00128828 0.00111384 0.000935 0.000752469 0.000566967 0.000379227 0.000189989 0 
0 -0.000379321 -0.000757146 -0.00113199 -0.00150236 -0.00186681 -0.00222389 -0.0025722 -0.00291036 -0.00323703 -0.00355094 -0.00385083 -0.00413553 -0.00440392 -0.00465492 -0.00488756 -0.00510092 -0.00529415 -0.00546649 -0.00561726 -0.00574587 -0.0058518 -0.00593465 -0.00599408 -0.00602986 -0.00604184 -0.00602999 -0.00599435 -0.00593505 -0.00585234 -0.00574654 -0.00561806 -0.00546742 -0.0052952 -0.0051021 -0.00488886 -0.00465634 -0.00440544 -0.00413717 -0.00385257 -0.00355277 -0.00323896 -0.00291238 -0.0025743 -0.00222608 -0.00186907 -0.00150469 -0.00113438 -0.000759602 -0.00038183 -2.55746e-06 0.000376719 0.000754502 0.0011293 0.00149964 0.00186405 0.0022211 0.00256938 0.00290751 0.00323416 0.00354804 0.00384791 0.00413259 0.00440096 0.00465195 0.00488457 0.00509791 0.00529113 0.00546346 0.00561422 0.00574282 0.00584875 0.00593159 0.00599102 0.00602679 0.00603878 0.00602693 0.00599129 0.005932 0.00584929 0.00574349 0.00561502 0.00546439 0.00529218 0.00509909 0.00488587 0.00465336 0.00440248 0.00413422 0.00384965 0.00354988 0.00323609 0.00290953 0.00257148 0.00222329 0.00186631 0.00150197 0.0011317 0.000756958 0.000379228 0 
0 -0.00056711 -0.00113199 -0.0016924 -0.00224613 -0.002791 -0.00332486 -0.00384561 -0.00435118 -0.00483958 -0.00530889 -0.00575726 -0.0061829 -0.00658415 -0.00695943 -0.00730724 -0.00762622 -0.00791511 -0.00817277 -0.00839819 -0.00859046 -0.00874884 -0.0088727 -0.00896155 -0.00901505 -0.00903297 -0.00901525 -0.00896196 -0.00887331 -0.00874965 -0.00859146 -0.00839938 -0.00817416 -0.00791669 -0.00762798 -0.00730918 -0.00696154 -0.00658643 -0.00618534 -0.00575985 -0.00531164 -0.00484247 -0.0043542 -0.00384875 -0.00332813 -0.00279438 -0.00224961 -0.00169597 -0.00113565 -0.000570856 -3.8177e-06 0.000563226 0.00112804 0.00168839 0.00224207 0.00278689 0.0033207 0.0038414 0.00434693 0.00483529 0.00530457 0.0057529 0.00617851 0.00657974 0.00695498 0.00730277 0.00762173 0.00791061 0.00816825 0.00839365 0.00858591 0.00874428 0.00886814 0.00895698 0.00901047 0.00902839 0.00901067 0.00895739 0.00886874 0.00874509 0.00858691 0.00839484 0.00816963 0.00791218 0.00762349 0.00730471 0.00695709 0.00658201 0.00618095 0.00575549 0.00530731 0.00483818 0.00434995 0.00384455 0.00332397 0.00279027 0.00224555 0.00169197 0.0011317 0.000566972 0 
0 -0.000752663 -0.00150236 -0.00224613 -0.00298104 -0.00370419 -0.00441272 -0.00510385 -0.00577484 -0.00642304 -0.00704591 -0.00764097 -0.00820588 -0.00873842 -0.00923648 -0.00969809 -0.0101214 -0.0105049 -0.0108468 -0.011146 -0.0114012 -0.0116114 -0.0117758 -0.0118937 -0.0119647 -0.0119885 -0.0119649 -0.0118942 -0.0117766 -0.0116124 -0.0114025 -0.0111476 -0.0108487 -0.0105069 -0.0101238 -0.00970066 -0.00923927 -0.00874144 -0.00820911 -0.00764441 -0.00704954 -0.00642687 -0.00577884 -0.00510802 -0.00441705 -0.00370866 -0.00298565 -0.00225087 -0.00150722 -0.000757626 -5.05869e-06 0.000747516 0.00149713 0.00224082 0.00297566 0.00369874 0.00440721 0.00509827 0.00576921 0.00641736 0.00704017 0.00763519 0.00820006 0.00873256 0.00923059 0.00969217 0.0101155 0.0104989 0.0108408 0.01114 0.0113951 0.0116053 0.0117697 0.0118876 0.0119586 0.0119824 0.0119589 0.0118882 0.0117705 0.0116064 0.0113965 0.0111416 0.0108427 0.010501 0.0101178 0.00969473 0.00923338 0.00873558 0.00820329 0.00763863 0.00704381 0.00642118 0.00577321 0.00510244 0.00441154 0.00370321 0.00298027 0.00224556 0.00150199 0.00075248 0 
0 -0.000935246 -0.00186681 -0.002791 -0.00370419 -0.00460276 -0.00548318 -0.00634196 -0.00717572 -0.00798117 -0.00875512 -0.00949454 -0.0101965 -0.0108582 -0.0114771 -0.0120507 -0.0125767 -0.0130532 -0.0134781 -0.0138498 -0.0141669 -0.0144281 -0.0146324 -0.0147789 -0.0148671 -0.0148967 -0.0148674 -0.0147795 -0.0146333 -0.0144294 -0.0141685 -0.0138518 -0.0134803 -0.0130557 -0.0125796 -0.0120539 -0.0114806 -0.010862 -0.0102005 -0.0094988 -0.00875963 -0.00798591 -0.00718068 -0.00634713 -0.00548854 -0.00460831 -0.00370991 -0.00279688 -0.00187283 -0.000941403 -6.27535e-06 0.000928862 0.00186032 0.00278442 0.00369751 0.004596 0.00547633 0.00633504 0.00716873 0.00797411 0.00874801 0.00948737 0.0101893 0.0108509 0.0114698 0.0120433 0.0125693 0.0130457 0.0134706 0.0138423 0.0141594 0.0144206 0.0146248 0.0147714 0.0148596 0.0148891 0.0148599 0.014772 0.0146258 0.0144219 0.0141611 0.0138443 0.0134729 0.0130483 0.0125722 0.0120465 0.0114732 0.0108547 0.0101933 0.00949163 0.00875252 0.00797885 0.00717369 0.00634021 0.0054817 0.00460155 0.00370324 0.0027903 0.00186634 0.000935019 0 
0 -0.00111414 -0.00222389 -0.00332486 -0.00441272 -0.00548318 -0.006532 -0.00755504 -0.00854829 -0.0095078 -0.0104298 -0.0113106 -0.0121469 -0.0129352 -0.0136724 -0.0143557 -0.0149824 -0.0155499 -0.0160561 -0.016499 -0.0168767 -0.0171879 -0.0174312 -0.0176058 -0.0177109 -0.0177461 -0.0177113 -0.0176066 -0.0174324 -0.0171895 -0.0168787 -0.0165013 -0.0160589 -0.015553 -0.0149858 -0.0143595 -0.0136765 -0.0129396 -0.0121516 -0.0113157 -0.0104352 -0.00951344 -0.00855419 -0.00756119 -0.00653838 -0.00548978 -0.00441953 -0.00333186 -0.00223105 -0.00112146 -7.46272e-06 0.00110655 0.00221617 0.00331703 0.00440478 0.00547513 0.00652386 0.00754682 0.00853998 0.00949941 0.0104213 0.0113021 0.0121383 0.0129265 0.0136637 0.014347 0.0149736 0.0155411 0.0160473 0.0164901 0.0168678 0.017179 0.0174223 0.0175968 0.0177019 0.0177371 0.0177023 0.0175976 0.0174235 0.0171805 0.0168698 0.0164924 0.01605 0.0155442 0.0149771 0.0143508 0.0136678 0.012931 0.012143 0.0113072 0.0104267 0.00950505 0.00854587 0.00755297 0.00653024 0.00548174 0.00441159 0.00332403 0.00222334 0.00111387 0 
0 -0.00128864 -0.0025722 -0.00384561 -0.00510385 -0.00634196 -0.00755504 -0.00873832 -0.00988713 -0.0109969 -0.0120633 -0.0130821 -0.0140493 -0.0149611 -0.0158138 -0.0166041 -0.017329 -0.0179854 -0.0185709 -0.0190831 -0.01952 -0.0198799 -0.0201613 -0.0203632 -0.0204848 -0.0205255 -0.0204852 -0.0203641 -0.0201627 -0.0198817 -0.0195222 -0.0190858 -0.018574 -0.017989 -0.0173329 -0.0166085 -0.0158186 -0.0149662 -0.0140548 -0.013088 -0.0120695 -0.0110034 -0.00989394 -0.00874542 -0.00756241 -0.00634958 -0.00511171 -0.00385368 -0.00258047 -0.00129709 -8.61594e-06 0.00127987 0.00256329 0.00383657 0.00509468 0.00633267 0.00754565 0.00872883 0.00987753 0.0109872 0.0120536 0.0130723 0.0140394 0.0149511 0.0158038 0.0165941 0.0173188 0.0179752 0.0185607 0.0190728 0.0195097 0.0198696 0.020151 0.0203529 0.0204744 0.0205151 0.0204749 0.0203538 0.0201524 0.0198714 0.019512 0.0190755 0.0185638 0.0179788 0.0173228 0.0165984 0.0158085 0.0149562 0.0140449 0.0130781 0.0120597 0.0109937 0.00988434 0.00873592 0.00755302 0.00634029 0.00510254 0.00384464 0.00257156 0.00128832 0 
0 -0.00145805 -0.00291036 -0.00435118 -0.00577484 -0.00717572 -0.00854829 -0.00988713 -0.011187 -0.0124427 -0.0136493 -0.014802 -0.0158964 -0.016928 -0.0178928 -0.018787 -0.0196071 -0.0203499 -0.0210123 -0.0215919 -0.0220862 -0.0224934 -0.0228119 -0.0230403 -0.0231778 -0.0232239 -0.0231783 -0.0230413 -0.0228134 -0.0224955 -0.0220888 -0.0215949 -0.0210159 -0.0203539 -0.0196116 -0.018792 -0.0178982 -0.0169338 -0.0159026 -0.0148086 -0.0136562 -0.01245 -0.0111947 -0.00989514 -0.00855661 -0.00718432 -0.00578371 -0.0043603 -0.0029197 -0.0014676 -9.73034e-06 0.00144815 0.00290029 0.00434097 0.00576449 0.00716523 0.00853767 0.0098764 0.0111761 0.0124317 0.0136382 0.0147909 0.0158852 0.0169167 0.0178815 0.0187756 0.0195957 0.0203384 0.0210008 0.0215803 0.0220746 0.0224818 0.0228002 0.0230286 0.0231661 0.0232122 0.0231667 0.0230297 0.0228017 0.0224838 0.0220772 0.0215833 0.0210043 0.0203424 0.0196002 0.0187806 0.0178868 0.0169225 0.0158914 0.0147975 0.0136452 0.0124391 0.0111838 0.00988441 0.00854599 0.00717384 0.00577336 0.00435008 0.00290964 0.0014577 0 
0 -0.00162171 -0.00323703 -0.00483958 -0.00642304 -0.00798117 -0.0095078 -0.0109969 -0.0124427 -0.0138393 -0.0151813 -0.0164635 -0.0176807 -0.0188281 -0.0199012 -0.0208958 -0.021808 -0.0226341 -0.0233709 -0.0240155 -0.0245653 -0.0250182 -0.0253724 -0.0256265 -0.0257794 -0.0258307 -0.02578 -0.0256276 -0.0253741 -0.0250205 -0.0245681 -0.0240189 -0.0233748 -0.0226385 -0.0218129 -0.0209013 -0.0199072 -0.0188345 -0.0176876 -0.0164708 -0.0151891 -0.0138475 -0.0124512 -0.0110058 -0.00951703 -0.00799072 -0.00643289 -0.0048497 -0.0032474 -0.00163231 -1.08014e-05 0.00161072 0.00322586 0.00482825 0.00641155 0.00796952 0.00949602 0.010985 0.0124306 0.0138272 0.0151691 0.0164511 0.0176682 0.0188156 0.0198886 0.0208832 0.0217953 0.0226213 0.0233581 0.0240026 0.0245524 0.0250053 0.0253595 0.0256135 0.0257665 0.0258177 0.0257671 0.0256147 0.0253612 0.0250076 0.0245552 0.024006 0.023362 0.0226258 0.0218002 0.0208886 0.0198946 0.018822 0.0176751 0.0164585 0.0151768 0.0138353 0.0124392 0.0109939 0.00950525 0.00797907 0.0064214 0.00483837 0.00323623 0.00162132 0 
0 -0.00177898 -0.00355094 -0.00530889 -0.00704591 -0.00875512 -0.0104298 -0.0120633 -0.0136493 -0.0151813 -0.0166535 -0.01806 -0.0193952 -0.0206539 -0.0218311 -0.0229221 -0.0239228 -0.024829 -0.0256372 -0.0263443 -0.0269475 -0.0274443 -0.0278328 -0.0281116 -0.0282793 -0.0283356 -0.02828 -0.0281128 -0.0278347 -0.0274468 -0.0269506 -0.026348 -0.0256415 -0.0248338 -0.0239282 -0.0229281 -0.0218376 -0.0206609 -0.0194027 -0.018068 -0.016662 -0.0151903 -0.0136586 -0.0120731 -0.0104399 -0.00876558 -0.00705668 -0.00531997 -0.00356229 -0.00179057 -1.18247e-05 0.00176694 0.00353871 0.00529648 0.00703332 0.00874238 0.0104169 0.0120503 0.0136361 0.015168 0.0166401 0.0180465 0.0193816 0.0206402 0.0218173 0.0229083 0.0239088 0.024815 0.0256232 0.0263302 0.0269334 0.0274302 0.0278187 0.0280974 0.0282651 0.0283214 0.0282658 0.0280986 0.0278205 0.0274326 0.0269365 0.0263339 0.0256275 0.0248199 0.0239143 0.0229143 0.0218238 0.0206472 0.0193891 0.0180545 0.0166486 0.015177 0.0136454 0.01206 0.010427 0.00875283 0.0070441 0.00530756 0.00355006 0.00177854 0 
0 -0.00192922 -0.00385083 -0.00575726 -0.00764097 -0.00949454 -0.0113106 -0.0130821 -0.014802 -0.0164635 -0.01806 -0.0195852 -0.0210332 -0.0223982 -0.0236748 -0.024858 -0.0259431 -0.0269259 -0.0278024 -0.0285692 -0.0292233 -0.0297621 -0.0301834 -0.0304857 -0.0306677 -0.0307286 -0.0306683 -0.0304871 -0.0301855 -0.0297648 -0.0292267 -0.0285732 -0.0278071 -0.0269312 -0.025949 -0.0248645 -0.0236819 -0.0224058 -0.0210414 -0.0195939 -0.0180692 -0.0164731 -0.0148121 -0.0130927 -0.0113216 -0.00950585 -0.00765263 -0.00576924 -0.00386311 -0.00194177 -1.27963e-05 0.0019162 0.0038376 0.00574382 0.00762735 0.00948074 0.0112967 0.013068 0.0147877 0.0164491 0.0180455 0.0195706 0.0210185 0.0223834 0.0236599 0.024843 0.0259281 0.0269108 0.0277872 0.028554 0.029208 0.0297468 0.0301681 0.0304703 0.0306523 0.0307133 0.030653 0.0304717 0.0301701 0.0297495 0.0292114 0.028558 0.0277919 0.026916 0.025934 0.0248495 0.023667 0.022391 0.0210266 0.0195793 0.0180547 0.0164587 0.0147979 0.0130786 0.0113076 0.00949206 0.00763901 0.00575581 0.00384988 0.00192875 0 
0 -0.00207185 -0.00413553 -0.0061829 -0.00820588 -0.0101965 -0.0121469 -0.0140493 -0.0158964 -0.0176807 -0.0193952 -0.0210332 -0.0225883 -0.0240542 -0.0254252 -0.0266958 -0.0278612 -0.0289166 -0.0298579 -0.0306814 -0.0313839 -0.0319625 -0.032415 -0.0327396 -0.032935 -0.0330005 -0.0329357 -0.032741 -0.0324171 -0.0319654 -0.0313875 -0.0306857 -0.0298629 -0.0289222 -0.0278675 -0.0267028 -0.0254327 -0.0240623 -0.022597 -0.0210425 -0.019405 -0.017691 -0.0159072 -0.0140606 -0.0121586 -0.0102086 -0.00821838 -0.00619574 -0.00414869 -0.0020853 -1.3712e-05 0.0020579 0.00412135 0.00616851 0.00819129 0.0101817 0.0121319 0.0140342 0.0158811 0.0176652 0.0193796 0.0210175 0.0225725 0.0240383 0.0254092 0.0266798 0.027845 0.0289004 0.0298416 0.0306651 0.0313675 0.0319461 0.0323985 0.0327231 0.0329185 0.032984 0.0329192 0.0327246 0.0324007 0.0319489 0.0313711 0.0306694 0.0298466 0.028906 0.0278513 0.0266867 0.0254167 0.0240464 0.0225812 0.0210268 0.0193895 0.0176756 0.0158919 0.0140455 0.0121436 0.0101938 0.00820378 0.00618135 0.00413451 0.00207135 0 
0 -0.00220631 -0.00440392 -0.00658415 -0.00873842 -0.0108582 -0.0129352 -0.0149611 -0.016928 -0.0188281 -0.0206539 -0.0223982 -0.0240542 -0.0256152 -0.0270752 -0.0284283 -0.0296693 -0.0307932 -0.0317956 -0.0326725 -0.0334206 -0.0340367 -0.0345186 -0.0348643 -0.0350724 -0.0351421 -0.0350731 -0.0348658 -0.0345209 -0.0340398 -0.0334244 -0.0326771 -0.0318009 -0.0307992 -0.029676 -0.0284357 -0.0270832 -0.0256239 -0.0240635 -0.0224081 -0.0206643 -0.0188391 -0.0169395 -0.0149731 -0.0129476 -0.0108711 -0.00875169 -0.0065978 -0.0044179 -0.0022206 -1.45683e-05 0.00219148 0.00438885 0.00656886 0.00872291 0.0108425 0.0129193 0.014945 0.0169117 0.0188117 0.0206374 0.0223815 0.0240374 0.0255983 0.0270582 0.0284112 0.0296521 0.0307759 0.0317783 0.0326552 0.0334032 0.0340193 0.0345011 0.0348468 0.0350548 0.0351246 0.0350556 0.0348483 0.0345034 0.0340223 0.033407 0.0326597 0.0317836 0.0307819 0.0296588 0.0284186 0.0270662 0.025607 0.0240467 0.0223914 0.0206478 0.0188227 0.0169232 0.014957 0.0129317 0.0108554 0.00873619 0.0065825 0.00440283 0.00220577 0 
0 -0.00233206 -0.00465492 -0.00695943 -0.00923648 -0.0114771 -0.0136724 -0.0158138 -0.0178928 -0.0199012 -0.0218311 -0.0236748 -0.0254252 -0.0270752 -0.0286184 -0.0300486 -0.0313603 -0.0325483 -0.0336078 -0.0345347 -0.0353254 -0.0359767 -0.036486 -0.0368514 -0.0370713 -0.037145 -0.0370722 -0.036853 -0.0364884 -0.0359799 -0.0353294 -0.0345395 -0.0336134 -0.0325546 -0.0313674 -0.0300564 -0.0286268 -0.0270843 -0.025435 -0.0236852 -0.0218421 -0.0199128 -0.0179049 -0.0158265 -0.0136855 -0.0114907 -0.00925047 -0.00697381 -0.00466966 -0.00234713 -1.53618e-05 0.00231643 0.00463903 0.0069433 0.00922012 0.0114605 0.0136557 0.0157969 0.0178757 0.0198839 0.0218136 0.0236572 0.0254075 0.0270573 0.0286004 0.0300306 0.0313422 0.0325301 0.0335896 0.0345164 0.035307 0.0359583 0.0364676 0.0368329 0.0370529 0.0371266 0.0370537 0.0368345 0.03647 0.0359615 0.0353111 0.0345212 0.0335951 0.0325364 0.0313493 0.0300384 0.0286089 0.0270665 0.0254172 0.0236677 0.0218247 0.0198955 0.0178878 0.0158095 0.0136688 0.0114741 0.00923412 0.00695768 0.00465378 0.0023315 0 
0 -0.00244861 -0.00488756 -0.00730724 -0.00969809 -0.0120507 -0.0143557 -0.0166041 -0.018787 -0.0208958 -0.0229221 -0.024858 -0.0266958 -0.0284283 -0.0300486 -0.0315504 -0.0329276 -0.0341749 -0.0352874 -0.0362607 -0.0370909 -0.0377747 -0.0383095 -0.0386931 -0.0389241 -0.0390014 -0.0389249 -0.0386948 -0.038312 -0.0377781 -0.0370951 -0.0362657 -0.0352933 -0.0341816 -0.032935 -0.0315585 -0.0300575 -0.0284379 -0.0267061 -0.0248689 -0.0229337 -0.0209079 -0.0187997 -0.0166174 -0.0143695 -0.0120649 -0.00971275 -0.0073223 -0.004903 -0.00246439 -1.60892e-05 0.00243224 0.00487092 0.00729035 0.00968096 0.0120333 0.0143382 0.0165864 0.0187691 0.0208777 0.0229039 0.0248396 0.0266773 0.0284096 0.0300298 0.0315315 0.0329086 0.0341559 0.0352683 0.0362415 0.0370716 0.0377554 0.0382902 0.0386738 0.0389047 0.0389821 0.0389055 0.0386755 0.0382927 0.0377588 0.0370758 0.0362465 0.0352741 0.0341625 0.032916 0.0315396 0.0300387 0.0284192 0.0266875 0.0248505 0.0229154 0.0208898 0.0187818 0.0165996 0.0143519 0.0120475 0.00969562 0.00730541 0.00488636 0.00244802 0 
0 -0.0025555 -0.00510092 -0.00762622 -0.0101214 -0.0125767 -0.0149824 -0.017329 -0.0196071 -0.021808 -0.0239228 -0.0259431 -0.0278612 -0.0296693 -0.0313603 -0.0329276 -0.034365 -0.0356668 -0.0368278 -0.0378436 -0.03871 -0.0394237 -0.0399818 -0.0403821 -0.0406232 -0.0407039 -0.0406241 -0.0403839 -0.0399844 -0.0394272 -0.0387144 -0.0378488 -0.0368339 -0.0356737 -0.0343727 -0.0329361 -0.0313695 -0.0296792 -0.0278718 -0.0259545 -0.0239348 -0.0218206 -0.0196204 -0.0173427 -0.0149967 -0.0125915 -0.0101367 -0.0076419 -0.00511699 -0.00257192 -1.67476e-05 0.00253845 0.00508359 0.00760863 0.0101036 0.0125587 0.0149641 0.0173105 0.0195885 0.0217891 0.0239037 0.025924 0.0278419 0.0296498 0.0313408 0.0329079 0.0343452 0.0356469 0.0368079 0.0378236 0.0386899 0.0394036 0.0399617 0.040362 0.040603 0.0406838 0.0406039 0.0403638 0.0399643 0.0394071 0.0386943 0.0378288 0.036814 0.0356538 0.0343529 0.0329164 0.03135 0.0296598 0.0278525 0.0259353 0.0239157 0.0218017 0.0196017 0.0173242 0.0149784 0.0125735 0.0101189 0.00762432 0.00509967 0.00255488 0 
0 -0.0026523 -0.00529415 -0.00791511 -0.0105049 -0.0130532 -0.0155499 -0.0179854 -0.0203499 -0.0226341 -0.024829 -0.0269259 -0.0289166 -0.0307932 -0.0325483 -0.0341749 -0.0356668 -0.0370179 -0.0382229 -0.0392771 -0.0401763 -0.0409171 -0.0414963 -0.0419119 -0.042162 -0.0422458 -0.0421629 -0.0419137 -0.0414991 -0.0409207 -0.0401809 -0.0392825 -0.0382292 -0.037025 -0.0356747 -0.0341837 -0.0325578 -0.0308035 -0.0289276 -0.0269376 -0.0248414 -0.0226471 -0.0203636 -0.0179997 -0.0155647 -0.0130685 -0.0105206 -0.00793134 -0.00531078 -0.0026693 -1.73344e-05 0.00263466 0.00527622 0.00789691 0.0104864 0.0130344 0.015531 0.0179663 0.0203305 0.0226146 0.0248093 0.026906 0.0288966 0.0307731 0.032528 0.0341546 0.0356463 0.0369973 0.0382023 0.0392564 0.0401556 0.0408963 0.0414755 0.041891 0.0421411 0.0422249 0.0421421 0.0418928 0.0414782 0.0408999 0.0401601 0.0392618 0.0382085 0.0370044 0.0356543 0.0341633 0.0325376 0.0307833 0.0289076 0.0269178 0.0248217 0.0226276 0.0203442 0.0179805 0.0155458 0.0130498 0.0105022 0.00791314 0.00529285 0.00265166 0 
0 -0.00273864 -0.00546649 -0.00817277 -0.0108468 -0.0134781 -0.0160561 -0.0185709 -0.0210123 -0.0233709 -0.0256372 -0.0278024 -0.0298579 -0.0317956 -0.0336078 -0.0352874 -0.0368278 -0.0382229 -0.0394671 -0.0405557 -0.0414842 -0.042249 -0.0428471 -0.0432762 -0.0435345 -0.043621 -0.0435354 -0.0432781 -0.04285 -0.0422528 -0.0414889 -0.0405612 -0.0394736 -0.0382302 -0.036836 -0.0352964 -0.0336176 -0.0318062 -0.0298693 -0.0278145 -0.02565 -0.0233843 -0.0210264 -0.0185855 -0.0160714 -0.0134938 -0.0108631 -0.00818948 -0.00548361 -0.00275615 -1.78472e-05 0.00272048 0.00544802 0.00815402 0.0108278 0.0134588 0.0160366 0.0185512 0.0209924 0.0233508 0.0256169 0.027782 0.0298373 0.0317748 0.0335869 0.0352665 0.0368067 0.0382017 0.0394459 0.0405344 0.0414628 0.0422276 0.0428257 0.0432547 0.043513 0.0435995 0.0435139 0.0432566 0.0428285 0.0422313 0.0414675 0.0405399 0.0394524 0.038209 0.0368149 0.0352755 0.0335968 0.0317855 0.0298487 0.027794 0.0256297 0.0233642 0.0210065 0.0185658 0.0160519 0.0134746 0.0108441 0.00817073 0.00546515 0.00273798 0 
0 -0.00281418 -0.00561726 -0.00839819 -0.011146 -0.0138498 -0.016499 -0.0190831 -0.0215919 -0.0240155 -0.0263443 -0.0285692 -0.0306814 -0.0326725 -0.0345347 -0.0362607 -0.0378436 -0.0392771 -0.0405557 -0.0416742 -0.0426283 -0.0434143 -0.0440289 -0.0444698 -0.0447352 -0.0448241 -0.0447362 -0.0444717 -0.0440318 -0.0434181 -0.0426331 -0.0416799 -0.0405623 -0.0392846 -0.0378519 -0.0362699 -0.0345448 -0.0326834 -0.030693 -0.0285816 -0.0263574 -0.0240292 -0.0216063 -0.0190981 -0.0165146 -0.0138659 -0.0111626 -0.0084153 -0.0056348 -0.00283211 -1.82841e-05 0.00279557 0.00559834 0.00837898 0.0111265 0.0138301 0.016479 0.0190629 0.0215715 0.0239949 0.0263235 0.0285483 0.0306603 0.0326513 0.0345134 0.0362392 0.037822 0.0392554 0.0405339 0.0416524 0.0426064 0.0433923 0.0440069 0.0444477 0.0447132 0.0448021 0.0447141 0.0444497 0.0440098 0.0433961 0.0426112 0.0416581 0.0405405 0.0392629 0.0378303 0.0362484 0.0345234 0.0326621 0.0306719 0.0285606 0.0263366 0.0240086 0.0215859 0.0190779 0.0164946 0.0138462 0.0111431 0.00839609 0.00561588 0.0028135 0 
0 -0.00287861 -0.00574587 -0.00859046 -0.0114012 -0.0141669 -0.0168767 -0.01952 -0.0220862 -0.0245653 -0.0269475 -0.0292233 -0.0313839 -0.0334206 -0.0353254 -0.0370909 -0.03871 -0.0401763 -0.0414842 -0.0426283 -0.0436043 -0.0444082 -0.0450369 -0.0454879 -0.0457594 -0.0458503 -0.0457604 -0.0454898 -0.0450398 -0.0444121 -0.0436092 -0.0426342 -0.0414909 -0.040184 -0.0387185 -0.0371003 -0.0353357 -0.0334316 -0.0313957 -0.0292359 -0.0269608 -0.0245793 -0.0221009 -0.0195353 -0.0168926 -0.0141834 -0.0114181 -0.00860791 -0.00576375 -0.00289689 -1.86433e-05 0.00285963 0.00572657 0.00857087 0.0113813 0.0141468 0.0168564 0.0194994 0.0220654 0.0245443 0.0269263 0.0292019 0.0313623 0.0333989 0.0353036 0.0370689 0.0386879 0.0401542 0.041462 0.0426061 0.043582 0.0443858 0.0450145 0.0454654 0.0457369 0.0458278 0.0457379 0.0454674 0.0450174 0.0443897 0.0435868 0.0426119 0.0414687 0.0401619 0.0386965 0.0370783 0.0353138 0.0334099 0.0313742 0.0292146 0.0269396 0.0245583 0.0220801 0.0195147 0.0168723 0.0141632 0.0113983 0.00858832 0.00574446 0.00287792 0 
0 -0.00293168 -0.0058518 -0.00874884 -0.0116114 -0.0144281 -0.0171879 -0.0198799 -0.0224934 -0.0250182 -0.0274443 -0.0297621 -0.0319625 -0.0340367 -0.0359767 -0.0377747 -0.0394237 -0.0409171 -0.042249 -0.0434143 -0.0444082 -0.0452269 -0.0458672 -0.0463265 -0.046603 -0.0466956 -0.046604 -0.0463285 -0.0458702 -0.0452309 -0.0444132 -0.0434202 -0.0422558 -0.0409248 -0.0394323 -0.0377842 -0.0359871 -0.034048 -0.0319745 -0.0297749 -0.0274578 -0.0250325 -0.0225083 -0.0198954 -0.017204 -0.0144448 -0.0116286 -0.00876655 -0.00586995 -0.00295024 -1.89234e-05 0.00291242 0.00583222 0.00872896 0.0115912 0.0144076 0.0171672 0.0198589 0.0224723 0.0249969 0.0274228 0.0297404 0.0319406 0.0340147 0.0359545 0.0377524 0.0394013 0.0408946 0.0422264 0.0433916 0.0443855 0.0452042 0.0458444 0.0463037 0.0465802 0.0466728 0.0465812 0.0463057 0.0458474 0.0452082 0.0443904 0.0433975 0.0422333 0.0409023 0.0394099 0.037762 0.0359649 0.0340259 0.0319526 0.0297532 0.0274363 0.0250111 0.0224872 0.0198745 0.0171833 0.0144244 0.0116084 0.00874667 0.00585037 0.00293098 0 
0 -0.00297319 -0.00593465 -0.0088727 -0.0117758 -0.0146324 -0.0174312 -0.0201613 -0.0228119 -0.0253724 -0.0278328 -0.0301834 -0.032415 -0.0345186 -0.036486 -0.0383095 -0.0399818 -0.0414963 -0.0428471 -0.0440289 -0.0450369 -0.0458672 -0.0465166 -0.0469824 -0.0472628 -0.0473567 -0.0472638 -0.0469844 -0.0465196 -0.0458712 -0.0450419 -0.0440348 -0.042854 -0.0415042 -0.0399905 -0.0383191 -0.0364965 -0.0345299 -0.0324271 -0.0301964 -0.0278465 -0.0253868 -0.0228269 -0.020177 -0.0174475 -0.0146492 -0.0117932 -0.00889059 -0.00595299 -0.00299194 -1.91234e-05 0.00295372 0.00591486 0.0088526 0.0117554 0.0146117 0.0174103 0.0201402 0.0227905 0.0253508 0.0278111 0.0301615 0.0323929 0.0344963 0.0364636 0.038287 0.0399591 0.0414736 0.0428243 0.044006 0.0450139 0.0458442 0.0464935 0.0469593 0.0472397 0.0473336 0.0472407 0.0469613 0.0464965 0.0458482 0.0450189 0.0440119 0.0428312 0.0414814 0.0399679 0.0382966 0.0364741 0.0345077 0.032405 0.0301744 0.0278247 0.0253652 0.0228055 0.0201559 0.0174266 0.0146286 0.0117728 0.0088705 0.0059332 0.00297247 0 
0 -0.00300296 -0.00599408 -0.00896155 -0.0118937 -0.0147789 -0.0176058 -0.0203632 -0.0230403 -0.0256265 -0.0281116 -0.0304857 -0.0327396 -0.0348643 -0.0368514 -0.0386931 -0.0403821 -0.0419119 -0.0432762 -0.0444698 -0.0454879 -0.0463265 -0.0469824 -0.0474528 -0.047736 -0.0478309 -0.047737 -0.0474548 -0.0469854 -0.0463305 -0.0454929 -0.0444758 -0.0432831 -0.0419197 -0.0403909 -0.0387028 -0.0368619 -0.0348757 -0.0327518 -0.0304987 -0.0281253 -0.0256409 -0.0230554 -0.020379 -0.0176222 -0.0147959 -0.0119112 -0.00897955 -0.00601253 -0.00302183 -1.92423e-05 0.00298337 0.00597416 0.00894133 0.0118732 0.0147581 0.0175847 0.0203419 0.0230188 0.0256048 0.0280896 0.0304636 0.0327173 0.0348418 0.0368288 0.0386704 0.0403594 0.041889 0.0432532 0.0444467 0.0454648 0.0463033 0.0469591 0.0474296 0.0477128 0.0478076 0.0477138 0.0474316 0.0469622 0.0463074 0.0454698 0.0444527 0.0432602 0.0418968 0.0403681 0.0386801 0.0368394 0.0348532 0.0327295 0.0304766 0.0281034 0.0256192 0.0230339 0.0203577 0.0176011 0.0147751 0.0118907 0.00895933 0.00599262 0.00300224 0 
0 -0.00302088 -0.00602986 -0.00901505 -0.0119647 -0.0148671 -0.0177109 -0.0204848 -0.0231778 -0.0257794 -0.0282793 -0.0306677 -0.032935 -0.0350724 -0.0370713 -0.0389241 -0.0406232 -0.042162 -0.0435345 -0.0447352 -0.0457594 -0.046603 -0.0472628 -0.047736 -0.0480209 -0.0481164 -0.048022 -0.0477381 -0.0472658 -0.046607 -0.0457644 -0.0447412 -0.0435414 -0.0421699 -0.040632 -0.0389338 -0.0370819 -0.0350838 -0.0329472 -0.0306807 -0.0282931 -0.0257939 -0.023193 -0.0205006 -0.0177273 -0.0148841 -0.0119822 -0.00903308 -0.00604834 -0.00303979 -1.92799e-05 0.00300125 0.0060099 0.00899478 0.0119441 0.0148463 0.0176898 0.0204634 0.0231563 0.0257577 0.0282574 0.0306455 0.0329127 0.0350499 0.0370487 0.0389013 0.0406003 0.0421391 0.0435115 0.0447121 0.0457362 0.0465798 0.0472395 0.0477127 0.0479976 0.0480931 0.0479986 0.0477148 0.0472425 0.0465838 0.0457412 0.0447181 0.0435184 0.0421469 0.0406091 0.038911 0.0370593 0.0350613 0.0329249 0.0306585 0.0282711 0.0257722 0.0231714 0.0204792 0.0177062 0.0148633 0.0119616 0.00901281 0.00602839 0.00302016 0 
0 -0.00302689 -0.00604184 -0.00903297 -0.0119885 -0.0148967 -0.0177461 -0.0205255 -0.0232239 -0.0258307 -0.0283356 -0.0307286 -0.0330005 -0.0351421 -0.037145 -0.0390014 -0.0407039 -0.0422458 -0.043621 -0.0448241 -0.0458503 -0.0466956 -0.0473567 -0.0478309 -0.0481164 -0.048212 -0.0481174 -0.0478329 -0.0473597 -0.0466997 -0.0458553 -0.0448301 -0.043628 -0.0422537 -0.0407127 -0.0390111 -0.0371556 -0.0351535 -0.0330127 -0.0307416 -0.0283493 -0.0258451 -0.023239 -0.0205413 -0.0177625 -0.0149136 -0.0120059 -0.00905095 -0.00606029 -0.00304575 -1.92359e-05 0.0030073 0.00602193 0.00901274 0.0119679 0.0148759 0.017725 0.0205042 0.0232024 0.0258089 0.0283136 0.0307065 0.0329782 0.0351196 0.0371224 0.0389787 0.0406811 0.0422229 0.043598 0.044801 0.0458272 0.0466724 0.0473335 0.0478076 0.0480931 0.0481887 0.0480941 0.0478097 0.0473365 0.0466765 0.0458322 0.044807 0.0436049 0.0422308 0.0406899 0.0389884 0.037133 0.035131 0.0329904 0.0307195 0.0283274 0.0258234 0.0232175 0.02052 0.0177414 0.0148928 0.0119854 0.00903073 0.00604037 0.00302616 0 
0 -0.00302095 -0.00602999 -0.00901525 -0.0119649 -0.0148674 -0.0177113 -0.0204852 -0.0231783 -0.02578 -0.02828 -0.0306683 -0.0329357 -0.0350731 -0.0370722 -0.0389249 -0.0406241 -0.0421629 -0.0435354 -0.0447362 -0.0457604 -0.046604 -0.0472638 -0.047737 -0.048022 -0.0481174 -0.048023 -0.0477391 -0.0472668 -0.046608 -0.0457653 -0.0447421 -0.0435423 -0.0421707 -0.0406328 -0.0389345 -0.0370826 -0.0350844 -0.0329478 -0.0306812 -0.0282936 -0.0257944 -0.0231934 -0.0205009 -0.0177275 -0.0148843 -0.0119823 -0.00903311 -0.00604831 -0.00303969 -1.91107e-05 0.00300149 0.0060102 0.00899515 0.0119445 0.0148468 0.0176903 0.020464 0.0231569 0.0257584 0.0282582 0.0306464 0.0329136 0.0350508 0.0370497 0.0389023 0.0406014 0.0421401 0.0435126 0.0447132 0.0457373 0.0465809 0.0472407 0.0477139 0.0479988 0.0480942 0.0479998 0.0477159 0.0472437 0.0465849 0.0457423 0.0447191 0.0435194 0.0421479 0.0406101 0.0389119 0.0370602 0.0350621 0.0329257 0.0306592 0.0282718 0.0257728 0.023172 0.0204797 0.0177066 0.0148636 0.0119619 0.00901302 0.00602853 0.00302023 0 
0 -0.0030031 -0.00599435 -0.00896196 -0.0118942 -0.0147795 -0.0176066 -0.0203641 -0.0230413 -0.0256276 -0.0281128 -0.0304871 -0.032741 -0.0348658 -0.036853 -0.0386948 -0.0403839 -0.0419137 -0.0432781 -0.0444717 -0.0454898 -0.0463285 -0.0469844 -0.0474548 -0.0477381 -0.0478329 -0.0477391 -0.0474568 -0.0469873 -0.0463324 -0.0454948 -0.0444776 -0.0432849 -0.0419214 -0.0403925 -0.0387043 -0.0368634 -0.034877 -0.032753 -0.0304998 -0.0281263 -0.0256418 -0.0230562 -0.0203796 -0.0176227 -0.0147962 -0.0119114 -0.00897963 -0.00601247 -0.00302162 -1.89047e-05 0.00298384 0.00597477 0.00894207 0.011874 0.0147591 0.0175859 0.0203432 0.0230201 0.0256062 0.0280912 0.0304653 0.0327191 0.0348437 0.0368308 0.0386724 0.0403614 0.0418911 0.0432554 0.044449 0.0454671 0.0463057 0.0469615 0.0474319 0.0477151 0.04781 0.0477161 0.0474339 0.0469644 0.0463096 0.045472 0.0444548 0.0432622 0.0418988 0.0403701 0.0386819 0.0368411 0.0348549 0.0327311 0.030478 0.0281047 0.0256204 0.023035 0.0203587 0.0176019 0.0147757 0.0118912 0.00895974 0.00599289 0.00300238 0 
0 -0.00297339 -0.00593505 -0.00887331 -0.0117766 -0.0146333 -0.0174324 -0.0201627 -0.0228134 -0.0253741 -0.0278347 -0.0301855 -0.0324171 -0.0345209 -0.0364884 -0.038312 -0.0399844 -0.0414991 -0.04285 -0.0440318 -0.0450398 -0.0458702 -0.0465196 -0.0469854 -0.0472658 -0.0473597 -0.0472668 -0.0469873 -0.0465225 -0.0458741 -0.0450447 -0.0440375 -0.0428566 -0.0415067 -0.0399929 -0.0383214 -0.0364986 -0.0345319 -0.0324289 -0.030198 -0.027848 -0.0253881 -0.022828 -0.0201779 -0.0174482 -0.0146497 -0.0117935 -0.0088907 -0.00595289 -0.00299164 -1.86188e-05 0.00295443 0.00591577 0.00885371 0.0117567 0.0146132 0.017412 0.020142 0.0227925 0.025353 0.0278134 0.030164 0.0323955 0.0344991 0.0364665 0.03829 0.0399623 0.0414768 0.0428276 0.0440094 0.0450174 0.0458477 0.046497 0.0469628 0.0472432 0.0473371 0.0472442 0.0469647 0.0464999 0.0458516 0.0450222 0.0440151 0.0428343 0.0414844 0.0399708 0.0382993 0.0364767 0.0345101 0.0324073 0.0301766 0.0278267 0.025367 0.0228072 0.0201573 0.0174278 0.0146296 0.0117736 0.00887112 0.00593361 0.00297268 0 
0 -0.00293195 -0.00585234 -0.00874965 -0.0116124 -0.0144294 -0.0171895 -0.0198817 -0.0224955 -0.0250205 -0.0274468 -0.0297648 -0.0319654 -0.0340398 -0.0359799 -0.0377781 -0.0394272 -0.0409207 -0.0422528 -0.0434181 -0.0444121 -0.0452309 -0.0458712 -0.0463305 -0.046607 -0.0466997 -0.046608 -0.0463324 -0.0458741 -0.0452347 -0.0444169 -0.0434237 -0.0422593 -0.0409281 -0.0394355 -0.0377872 -0.0359899 -0.0340506 -0.0319769 -0.0297771 -0.0274598 -0.0250342 -0.0225098 -0.0198966 -0.017205 -0.0144455 -0.011629 -0.0087667 -0.00586983 -0.00294984 -1.82541e-05 0.00291336 0.00583343 0.00873043 0.0115929 0.0144096 0.0171694 0.0198614 0.022475 0.0249998 0.0274259 0.0297437 0.0319441 0.0340184 0.0359584 0.0377565 0.0394054 0.0408989 0.0422308 0.0433961 0.0443901 0.0452088 0.0458491 0.0463084 0.0465849 0.0466775 0.0465858 0.0463103 0.0458519 0.0452126 0.0443948 0.0434017 0.0422374 0.0409063 0.0394137 0.0377656 0.0359684 0.0340292 0.0319557 0.029756 0.0274389 0.0250135 0.0224893 0.0198764 0.017185 0.0144257 0.0116095 0.00874749 0.00585092 0.00293125 0 
0 -0.00287894 -0.00574654 -0.00859146 -0.0114025 -0.0141685 -0.0168787 -0.0195222 -0.0220888 -0.0245681 -0.0269506 -0.0292267 -0.0313875 -0.0334244 -0.0353294 -0.0370951 -0.0387144 -0.0401809 -0.0414889 -0.0426331 -0.0436092 -0.0444132 -0.0450419 -0.0454929 -0.0457644 -0.0458553 -0.0457653 -0.0454948 -0.0450447 -0.0444169 -0.0436138 -0.0426386 -0.0414952 -0.0401881 -0.0387224 -0.037104 -0.0353392 -0.0334349 -0.0313987 -0.0292386 -0.0269632 -0.0245815 -0.0221027 -0.0195368 -0.0168938 -0.0141842 -0.0114187 -0.0086081 -0.0057636 -0.0028964 -1.78123e-05 0.0028608 0.00572808 0.00857271 0.0113835 0.0141492 0.0168591 0.0195025 0.0220688 0.0245479 0.0269302 0.0292061 0.0313667 0.0334035 0.0353084 0.0370739 0.0386931 0.0401595 0.0414674 0.0426116 0.0435876 0.0443915 0.0450202 0.0454712 0.0457427 0.0458336 0.0457436 0.0454731 0.045023 0.0443952 0.0435922 0.0426171 0.0414738 0.0401668 0.0387012 0.0370829 0.0353181 0.033414 0.031378 0.0292181 0.0269429 0.0245613 0.0220827 0.019517 0.0168743 0.0141649 0.0113996 0.00858935 0.00574514 0.00287826 0 
0 -0.00281458 -0.00561806 -0.00839938 -0.0111476 -0.0138518 -0.0165013 -0.0190858 -0.0215949 -0.0240189 -0.026348 -0.0285732 -0.0306857 -0.0326771 -0.0345395 -0.0362657 -0.0378488 -0.0392825 -0.0405612 -0.0416799 -0.0426342 -0.0434202 -0.0440348 -0.0444758 -0.0447412 -0.0448301 -0.0447421 -0.0444776 -0.0440375 -0.0434237 -0.0426386 -0.0416853 -0.0405674 -0.0392895 -0.0378566 -0.0362744 -0.034549 -0.0326873 -0.0306966 -0.0285849 -0.0263603 -0.0240318 -0.0216085 -0.0190999 -0.016516 -0.013867 -0.0111633 -0.00841552 -0.00563462 -0.00283152 -1.7295e-05 0.00279696 0.00560013 0.00838116 0.0111291 0.013833 0.0164823 0.0190666 0.0215755 0.0239992 0.0263282 0.0285532 0.0306656 0.0326568 0.0345191 0.0362452 0.0378281 0.0392618 0.0405404 0.041659 0.0426132 0.0433991 0.0440138 0.0444547 0.0447201 0.044809 0.044721 0.0444565 0.0440165 0.0434027 0.0426177 0.0416644 0.0405466 0.0392688 0.037836 0.0362538 0.0345286 0.032667 0.0306765 0.0285649 0.0263405 0.0240122 0.021589 0.0190807 0.016497 0.0138482 0.0111448 0.00839731 0.0056167 0.00281391 0 
0 -0.00273911 -0.00546742 -0.00817416 -0.0108487 -0.0134803 -0.0160589 -0.018574 -0.0210159 -0.0233748 -0.0256415 -0.0278071 -0.0298629 -0.0318009 -0.0336134 -0.0352933 -0.0368339 -0.0382292 -0.0394736 -0.0405623 -0.0414909 -0.0422558 -0.042854 -0.0432831 -0.0435414 -0.043628 -0.0435423 -0.0432849 -0.0428566 -0.0422593 -0.0414952 -0.0405674 -0.0394796 -0.0382359 -0.0368415 -0.0353016 -0.0336225 -0.0318107 -0.0298734 -0.0278183 -0.0256534 -0.0233873 -0.0210289 -0.0185876 -0.016073 -0.013495 -0.0108638 -0.00818975 -0.00548341 -0.00275547 -1.67044e-05 0.00272209 0.0054501 0.00815656 0.0108308 0.0134622 0.0160405 0.0185554 0.0209971 0.0233558 0.0256224 0.0277877 0.0298434 0.0317812 0.0335936 0.0352734 0.0368139 0.0382091 0.0394535 0.0405421 0.0414706 0.0422355 0.0428337 0.0432627 0.043521 0.0436075 0.0435219 0.0432645 0.0428363 0.042239 0.041475 0.0405472 0.0394594 0.0382159 0.0368215 0.0352817 0.0336027 0.0317911 0.0298539 0.0277989 0.0256342 0.0233683 0.0210102 0.0185691 0.0160547 0.0134769 0.0108459 0.00817215 0.00546609 0.00273846 0 
0 -0.00265283 -0.0052952 -0.00791669 -0.0105069 -0.0130557 -0.015553 -0.017989 -0.0203539 -0.0226385 -0.0248338 -0.0269312 -0.0289222 -0.0307992 -0.0325546 -0.0341816 -0.0356737 -0.037025 -0.0382302 -0.0392846 -0.040184 -0.0409248 -0.0415042 -0.0419197 -0.0421699 -0.0422537 -0.0421707 -0.0419214 -0.0415067 -0.0409281 -0.0401881 -0.0392895 -0.0382359 -0.0370315 -0.0356809 -0.0341896 -0.0325633 -0.0308086 -0.0289323 -0.0269419 -0.0248452 -0.0226505 -0.0203664 -0.018002 -0.0155666 -0.0130698 -0.0105215 -0.00793165 -0.00531056 -0.00266855 -1.60429e-05 0.00263648 0.00527856 0.00789977 0.0104898 0.0130383 0.0155354 0.0179711 0.0203358 0.0226203 0.0248154 0.0269126 0.0289035 0.0307803 0.0325356 0.0341624 0.0356544 0.0370057 0.0382108 0.0392652 0.0401645 0.0409053 0.0414846 0.0419001 0.0421503 0.042234 0.0421511 0.0419018 0.0414871 0.0409086 0.0401686 0.0392701 0.0382166 0.0370122 0.0356617 0.0341704 0.0325443 0.0307897 0.0289136 0.0269233 0.0248268 0.0226323 0.0203484 0.0179842 0.015549 0.0130524 0.0105043 0.00791474 0.00529392 0.0026522 0 
0 -0.00255609 -0.0051021 -0.00762798 -0.0101238 -0.0125796 -0.0149858 -0.0173329 -0.0196116 -0.0218129 -0.0239282 -0.025949 -0.0278675 -0.029676 -0.0313674 -0.032935 -0.0343727 -0.0356747 -0.036836 -0.0378519 -0.0387185 -0.0394323 -0.0399905 -0.0403909 -0.040632 -0.0407127 -0.0406328 -0.0403925 -0.0399929 -0.0394355 -0.0387224 -0.0378566 -0.0368415 -0.0356809 -0.0343796 -0.0329426 -0.0313757 -0.0296849 -0.0278771 -0.0259593 -0.023939 -0.0218244 -0.0196236 -0.0173454 -0.0149988 -0.0125931 -0.0101376 -0.00764225 -0.00511675 -0.00257108 -1.53131e-05 0.00254048 0.00508621 0.00761183 0.0101074 0.012563 0.014969 0.0173159 0.0195944 0.0217955 0.0239106 0.0259313 0.0278496 0.0296579 0.0313492 0.0329167 0.0343543 0.0356563 0.0368175 0.0378333 0.0386998 0.0394136 0.0399718 0.0403722 0.0406132 0.0406939 0.040614 0.0403738 0.0399742 0.0394168 0.0387038 0.037838 0.0368229 0.0356624 0.0343612 0.0329243 0.0313575 0.0296669 0.0278592 0.0259415 0.0239214 0.0218069 0.0196063 0.0173283 0.014982 0.0125764 0.0101212 0.00762611 0.00510086 0.00255548 0 
0 -0.00244926 -0.00488886 -0.00730918 -0.00970066 -0.0120539 -0.0143595 -0.0166085 -0.018792 -0.0209013 -0.0229281 -0.0248645 -0.0267028 -0.0284357 -0.0300564 -0.0315585 -0.0329361 -0.0341837 -0.0352964 -0.0362699 -0.0371003 -0.0377842 -0.0383191 -0.0387028 -0.0389338 -0.0390111 -0.0389345 -0.0387043 -0.0383214 -0.0377872 -0.037104 -0.0362744 -0.0353016 -0.0341896 -0.0329426 -0.0315657 -0.0300642 -0.0284442 -0.0267119 -0.0248742 -0.0229384 -0.0209121 -0.0188033 -0.0166203 -0.0143718 -0.0120666 -0.0097138 -0.0073227 -0.00490274 -0.00246347 -1.45179e-05 0.00243446 0.00487379 0.00729385 0.00968509 0.0120381 0.0143435 0.0165923 0.0187756 0.0208847 0.0229114 0.0248476 0.0266858 0.0284185 0.0300391 0.0315411 0.0329186 0.0341662 0.0352788 0.0362522 0.0370825 0.0377665 0.0383013 0.0386849 0.0389159 0.0389932 0.0389167 0.0386865 0.0383035 0.0377694 0.0370863 0.0362567 0.035284 0.034172 0.0329252 0.0315483 0.030047 0.028427 0.0266949 0.0248573 0.0229217 0.0208955 0.0187869 0.0166041 0.0143558 0.0120508 0.00969824 0.00730739 0.00488768 0.00244868 0 
0 -0.00233277 -0.00465634 -0.00696154 -0.00923927 -0.0114806 -0.0136765 -0.0158186 -0.0178982 -0.0199072 -0.0218376 -0.0236819 -0.0254327 -0.0270832 -0.0286268 -0.0300575 -0.0313695 -0.0325578 -0.0336176 -0.0345448 -0.0353357 -0.0359871 -0.0364965 -0.0368619 -0.0370819 -0.0371556 -0.0370826 -0.0368634 -0.0364986 -0.0359899 -0.0353392 -0.034549 -0.0336225 -0.0325633 -0.0313757 -0.0300642 -0.0286342 -0.0270912 -0.0254413 -0.023691 -0.0218472 -0.0199173 -0.0179088 -0.0158297 -0.0136881 -0.0114925 -0.00925162 -0.00697425 -0.00466939 -0.00234614 -1.36607e-05 0.00231884 0.00464215 0.00694711 0.00922462 0.0114657 0.0136615 0.0158033 0.0178827 0.0198916 0.0218218 0.023666 0.0254167 0.027067 0.0286105 0.0300411 0.0313531 0.0325413 0.033601 0.0345281 0.0353189 0.0359703 0.0364797 0.0368451 0.0370651 0.0371387 0.0370658 0.0368465 0.0364818 0.0359731 0.0353224 0.0345323 0.0336058 0.0325468 0.0313592 0.0300479 0.0286179 0.027075 0.0254252 0.0236751 0.0218315 0.0199017 0.0178934 0.0158144 0.013673 0.0114777 0.00923698 0.00695983 0.00465521 0.00233221 0 
0 -0.00220707 -0.00440544 -0.00658643 -0.00874144 -0.010862 -0.0129396 -0.0149662 -0.0169338 -0.0188345 -0.0206609 -0.0224058 -0.0240623 -0.0256239 -0.0270843 -0.0284379 -0.0296792 -0.0308035 -0.0318062 -0.0326834 -0.0334316 -0.034048 -0.0345299 -0.0348757 -0.0350838 -0.0351535 -0.0350844 -0.034877 -0.0345319 -0.0340506 -0.0334349 -0.0326873 -0.0318107 -0.0308086 -0.0296849 -0.0284442 -0.0270912 -0.0256313 -0.0240703 -0.0224143 -0.0206699 -0.018844 -0.0169437 -0.0149766 -0.0129504 -0.0108731 -0.00875295 -0.00659829 -0.00441762 -0.00221954 -1.27447e-05 0.00219407 0.0043922 0.00657296 0.00872775 0.0108481 0.0129255 0.014952 0.0169193 0.0188199 0.0206462 0.022391 0.0240473 0.0256087 0.0270691 0.0284225 0.0296638 0.030788 0.0317906 0.0326678 0.033416 0.0340322 0.0345142 0.0348599 0.035068 0.0351377 0.0350687 0.0348612 0.0345162 0.0340349 0.0334192 0.0326717 0.0317951 0.0307931 0.0296695 0.0284288 0.0270759 0.0256162 0.0240553 0.0223994 0.0206552 0.0188294 0.0169293 0.0149623 0.0129363 0.0108592 0.00873927 0.00658482 0.00440438 0.00220655 0 
